((("get_header" .
   [0 0 0 0 1 0 0 0 0 0])
  ("SOCK_STREAM" .
   [1 0 0 0 0 0 0 0 0 1 0])
  ("csin" .
   [1 0 0 0])
  ("csock" .
   [1 0 0 0 0])
  ("PORT" .
   [1 0 0 0])
  ("listen" .
   [1 0 0 0 0 0])
  ("perror" .
   [2 0 0 0 0 0])
  ("sock" .
   [2 0 0 0])
  ("chaine" .
   [13 0 0 0 0 0])
  ("TAILLE_MAX" .
   [0 0 3 0 0 0 0 0 0 0])
  ("send_file" .
   [0 0 0 0 0 1 0 0 0])
  ("BUFF_LEN" .
   [0 0 0 0 1 1 0 1])
  ("loaded" .
   [0 0 0 1 0 0])
  ("g_error" .
   [1 0 0 0 0 0 0])
  ("long" .
   [1 0 0 0])
  ("t_tree" .
   [1 0 0 0 0 0])
  ("run_parseur" .
   [0 0 0 0 0 0 1 0 0 0 0])
  ("status2" .
   [2 0 0 0 0 0 0])
  ("error_status" .
   [0 0 0 0 0 0 0 1 0 0 1 0])
  ("tree" .
   [5 0 0 0])
  ("node" .
   [11 0 0 0])
  ("create_child" .
   [0 0 0 0 1 0 0 1 0 0 0 1])
  ("father" .
   [1 0 0 0 0 0])
  ("state" .
   [3 0 0 0 0])
  ("my_exec" .
   [0 0 0 0 0 0 1])
  ("is_builtin" .
   [0 0 0 1 0 0 0 0 0 0])
  ("sources/env/" .
   [0 0 0 0 0 0 0 0 0 0 1 0])
  ("sources/shell/*.c" .
   [0 0 0 3 0 0 0 0 0 0 0 0 0 0 0 0 0])
  ("sources/command/" .
   [0 0 0 0 0 0 0 0 0 0 0 0 1 0 0 0])
  ("sources/builtins/" .
   [0 0 0 0 0 0 0 0 0 0 0 0 0 1 0 0 0])
  ("PATH_NORME" .
   [0 0 0 0 0 1 0 0 0 0])
  ("../env/" .
   [1 0 0 0 0 0 0])
  ("strcpy" .
   [1 0 0 0 0 0])
  ("strcat" .
   [1 0 0 0 0 0])
  ("display_error_null" .
   [3 0 0 0 0 0 0 0 0 0 0 0 0 0 1 0 0 0])
  ("free_list" .
   [1 0 0 0 0 0 0 0 0])
  ("display_error" .
   [0 0 2 5 0 0 0 0 0 0 0 0 1])
  ("print_hist" .
   [1 0 0 0 0 0 0 0 0 0])
  ("length" .
   [2 0 0 0 0 0])
  ("t_header" .
   [4 0 0 0 0 0 0 0])
  ("tab_to_list" .
   [1 0 0 0 0 0 0 0 0 0 0])
  ("lib" .
   [1 0 0])
  ("ingredientName" .
   [0 0 0 0 0 1 0 0 0 0 0 0 0 0])
  ("511" .
   [2 0 0])
  ("512" .
   [2 0 0])
  ("END" .
   [1 0 0])
  ("is_place" .
   [1 0 0 0 0 0 0 0])
  ("end" .
   [11 0 0])
  ("start" .
   [3 0 0 0 0])
  ("START" .
   [1 0 0 0 0])
  ("is_num" .
   [3 0 0 0 0 0])
  ("nb_fourmis" .
   [1 0 0 0 2 0 0 0 0 1])
  ("lem" .
   [10 0 0])
  ("return_nb_char" .
   [0 0 1 0 1 0 0 0 0 1 0 0 0 0])
  ("for" .
   [1 0 0])
  ("adj" .
   [6 0 0])
  ("adjacents" .
   [2 0 2 0 0 0 0 0 0])
  ("nb_sommet_adjacent" .
   [1 0 1 0 0 0 0 1 0 0 0 0 0 0 0 0 0 0])
  ("new_adj" .
   [1 0 0 0 1 0 1])
  ("new_adj_list" .
   [0 0 1 0 0 2 2 0 0 0 0 0])
  ("nb_sommet" .
   [1 0 0 0 0 0 0 0 0])
  ("num_sommet" .
   [1 0 0 4 0 0 0 0 0 2])
  ("adj_list" .
   [0 0 1 0 3 0 0 1])
  ("graphe" .
   [1 0 0 0 0 0])
  ("add_adjacence" .
   [0 0 0 0 0 1 0 0 1 0 0 0 0])
  ("num_sommet2" .
   [2 0 0 0 0 0 0 0 0 0 0])
  ("graph_insert_sommet" .
   [0 0 1 0 0 0 0 0 0 0 0 0 0 0 1 0 0 0 0])
  ("num_sommet1" .
   [0 0 0 0 1 2 0 0 1 0 1])
  ("graph" .
   [6 0 0 0 0])
  ("graph_insert_arc" .
   [0 0 0 0 1 1 0 0 0 0 0 0 0 0 0 0])
  ("t_adj_list" .
   [0 0 0 1 5 2 1 0 0 0])
  ("new_graph" .
   [1 0 1 2 0 0 0 0 0])
  ("t_graph" .
   [4 0 0 0 1 0 0])
  ("fprime" .
   [2 0 0 0 0 0])
  ("./client" .
   [1 0 0 0 0 0 0 0])
  ("puterror" .
   [0 0 0 0 0 1 0 0])
  ("ac" .
   [3 0])
  ("BLOCK" .
   [1 0 0 0 0])
  ("shell" .
   [44 0 0 0 0])
  ("t_sh" .
   [13 0 0 0])
  ("av" .
   [3 0])
  ("defout" .
   [1 0 0 0 0 0])
  ("dup2" .
   [2 0 0 0])
  ("RIGHT" .
   [2 0 0 0 0])
  ("LEFT" .
   [2 0 0 0])
  ("NB_COL" .
   [4 0 5 2 0 2])
  ("UP" .
   [4 0])
  ("MEM_SIZE" .
   [0 0 0 1 0 0 0 0])
  ("arena" .
   [4 0 0 0 0])
  ("cp_corewar" .
   [2 0 0 0 0 0 0 0 0 0])
  ("~/Dropbox/corewar/" .
   [0 0 0 0 0 0 0 0 0 0 0 0 1 0 0 0 0 0])
  ("~/Dropbox/" .
   [0 0 0 0 1 0 0 0 0 0])
  ("IP" .
   [4 0])
  ("NOW/" .
   [1 0 0 0])
  ("NOW" .
   [2 0 0])
  ("~/pdf/" .
   [0 0 2 0 0 0])
  ("mkdir" .
   [2 0 0 0 0])
  ("~/rendu/projets/" .
   [0 0 0 0 0 0 0 0 0 0 0 0 0 0 1 0])
  ("cmd" .
   [28 0 0])
  ("history" .
   [1 0 0 0 0 0 1])
  ("BLUE" .
   [1 0 0 0])
  ("map" .
   [4 0 0])
  ("drw" .
   [1 0 0])
  ("t_win" .
   [2 0 0 1 0])
  ("t_img" .
   [0 0 0 1 0])
  ("create_bg" .
   [1 0 0 0 0 0 0 0 0])
  ("put_px_to_img" .
   [0 0 0 1 0 0 0 0 0 0 0 0 0])
  ("my_strlen_tab" .
   [0 0 0 0 0 0 0 0 1 0 0 0 0])
  ("change_options" .
   [0 0 0 0 0 0 0 1 0 0 0 0 0 0])
  ("quit" .
   [1 0 0 0])
  ("//initrd.img.old" .
   [0 0 1 0 0 0 0 0 0 0 0 0 0 0 0 0])
  ("ta" .
   [2 0])
  ("cp_tab_suppr" .
   [1 0 0 0 0 0 0 0 0 0 0 0])
  ("my_del_elem_in_tab" .
   [0 0 0 0 0 1 1 1 0 0 0 0 0 0 0 0 0 0])
  ("wordtab" .
   [0 0 0 0 1 0 0])
  ("up" .
   [1 0])
  ("discplacement" .
   [0 0 0 0 1 0 0 0 0 0 0 0 0])
  ("sources" .
   [2 0 0 0 0 0 0])
  ("down" .
   [1 0 0 0])
  ("DOWN" .
   [4 0 0 1])
  ("termios_t" .
   [1 0 0 3 0 0 0 0 2])
  ("move_cursor" .
   [0 0 0 0 0 1 2 0 1 0 1])
  ("NOTICE" .
   [1 0 0 0 0 0])
  ("FILE" .
   [3 0 0 0])
  ("O_RDONLY" .
   [1 0 0 0 0 0 0 0])
  ("open" .
   [2 0 0 0])
  ("fd" .
   [19 0])
  ("//bin/dd" .
   [0 0 0 0 0 0 1 0])
  ("//bin/" .
   [0 0 1 0 0 0])
  ("unistd" .
   [2 0 0 0 0 0])
  ("64" .
   [2 0])
  ("wall" .
   [1 0 0 0])
  ("pos_y" .
   [0 0 0 0 1])
  ("pos_x" .
   [0 0 0 0 1])
  ("BUF_MAX" .
   [0 0 1 2 0 0 0])
  ("envp" .
   [19 0 1 0])
  ("1000" .
   [3 0 0 0])
  ("float" .
   [11 0 0 0 0])
  ("tab_cos" .
   [1 0 0 0 1 0 0])
  ("tab_sin" .
   [2 0 0 0 1 0 0])
  ("sin" .
   [2 0 0])
  ("ERROR" .
   [24 0 2 2 0])
  ("360" .
   [2 0 0])
  ("struc" .
   [2 0 0 1 0])
  ("antoi_t" .
   [5 0 1 0 0 0 0])
  ("find_in_op_tab" .
   [0 0 0 0 1 0 0 0 0 0 0 0 0 0])
  ("corew_s" .
   [2 0 0 0 0 0 0])
  ("rostring" .
   [0 0 0 0 1 1 0 0])
  ("r_type" .
   [1 0 0 0 0 0])
  ("field_type" .
   [1 0 0 0 0 0 0 0 0 0])
  ("line_t" .
   [1 0 0 0 0 0])
  ("grp_t" .
   [0 0 0 1 0])
  ("grp_s" .
   [1 0 0 0 0])
  ("src_t" .
   [1 0 0 0 0])
  ("src_s" .
   [1 0 0 0 0])
  ("FIELD_T" .
   [1 0 0 0 0 0 0])
  ("TKO2_1_H_" .
   [0 0 0 0 0 1 0 0 0])
  ("to_tab" .
   [2 0 0 0 0 0])
  ("getnextline" .
   [0 0 0 1 0 0 0 0 0 0 0])
  ("flag_u" .
   [1 0 0 0 0 0])
  ("flag_s" .
   [0 0 0 0 1 0])
  ("flag_c" .
   [1 0 0 0 0 0])
  ("10" .
   [5 0])
  ("48" .
   [2 0])
  ("size_base" .
   [4 0 0 0 1 0 0 0 0])
  ("nb_base" .
   [2 0 0 0 0 0 0])
  ("nb" .
   [8 0])
  ("vaarg_string" .
   [0 0 0 0 0 1 0 0 0 0 0 0])
  ("s_node" .
   [2 0 0 0 0 0])
  ("my_execve" .
   [1 0 1 0 0 0 0 0 0])
  ("sid" .
   [3 0 0])
  ("t_dir" .
   [1 0 0 0 0])
  ("t_flag" .
   [1 0 0 0 1 0])
  ("my_ls" .
   [2 0 1 0 0])
  ("dirp" .
   [2 0 0 0])
  ("opendir" .
   [1 0 0 0 1 0 0])
  ("Made" .
   [0 0 1 0])
  ("load-file" .
   [0 0 0 1 0 0 0 0 0])
  ("require" .
   [0 0 0 0 1 0 0])
  ("check_line_plus_1" .
   [1 0 0 0 0 0 0 0 0 0 0 0 0 0 0 0 0])
  ("aff_result_1" .
   [0 0 0 1 0 0 0 0 0 0 0 0])
  ("Last" .
   [0 0 0 1])
  ("first_line" .
   [0 0 0 1 0 0 0 0 0 0])
  ("array" .
   [5 0 3 6 3])
  ("check_line_plus" .
   [1 0 0 0 0 0 0 0 0 0 0 0 0 0 0])
  ("detect_glue_" .
   [0 0 0 0 0 0 0 0 0 0 0 1])
  ("get_widht_height" .
   [0 0 0 1 0 0 0 0 0 0 0 0 0 0 0 0])
  ("what_is_this_glue" .
   [0 0 1 0 0 0 0 0 0 0 0 0 0 0 0 0 0])
  ("t_tab" .
   [5 0 0 0 0])
  ("cut" .
   [4 0 0])
  ("error" .
   [10 0 0 0 0])
  ("errno" .
   [18 0 0 0 0])
  ("ret_read" .
   [1 0 1 1 1 1 2 0])
  ("cat" .
   [1 0 0])
  ("t_list" .
   [20 0 3 0 0 1])
  ("BUFF_SIZE" .
   [0 0 1 2 2 0 0 0 0])
  ("my_put_error" .
   [0 0 1 0 0 0 0 0 0 0 0 0])
  ("my_params_in_list" .
   [0 0 1 0 0 0 0 0 0 0 0 0 0 0 0 0 0])
  ("DO_OP_H__" .
   [0 0 2 0 0 0 0 0 0])
  ("soustraction" .
   [0 0 0 0 0 0 0 1 0 0 0 0])
  ("nb2" .
   [12 0 0])
  ("nb1" .
   [11 0 0])
  ("do_op" .
   [1 0 0 0 0])
  ("MY_H__" .
   [0 0 2 0 0 0])
  ("pos" .
   [43 0 0])
  ("num_word" .
   [0 0 1 1 0 0 0 0])
  ("my_str_to_wordtab" .
   [0 0 1 1 2 0 0 0 0 0 0 0 0 0 0 0 0])
  ("my_strdup" .
   [5 0 0 0 1 0 0 0 0])
  ("strncat" .
   [0 0 0 0 0 1 0])
  ("my_str_isalpha" .
   [0 0 0 0 0 0 0 0 0 0 0 0 0 1])
  ("my_strupcase" .
   [1 0 0 0 0 0 0 1 0 0 0 0])
  ("char_swap" .
   [0 0 1 0 0 0 0 0 0])
  ("echo" .
   [2 0 0 0])
  ("draw_lines" .
   [0 0 0 2 1 0 0 0 0 0])
  ("inter" .
   [1 0 0 0 0])
  ("exter" .
   [1 0 0 0 0])
  ("diff_min" .
   [0 0 2 3 0 0 0 0])
  ("last_line_size" .
   [0 0 0 3 0 0 0 0 0 0 0 0 0 2])
  ("tot" .
   [1 0 0])
  ("power" .
   [2 0 0 0 1])
  ("my_power_it" .
   [0 0 0 1 0 0 0 0 0 0 0])
  ("my_factorielle_rec" .
   [1 0 0 0 0 0 0 0 0 0 0 0 0 0 0 0 0 0])
  ("my_factorielle_it" .
   [0 0 0 0 0 1 0 0 0 0 0 0 0 0 1 0 0])
  ("cpt_size" .
   [0 0 0 1 1 1 0 0])
  ("size" .
   [9 0 0 1])
  ("cpt" .
   [14 0 4])
  ("my_sort_int_tab" .
   [0 0 0 0 0 0 0 1 0 0 0 0 0 0 0])
  ("len" .
   [46 0 1])
  ("my_evil_str" .
   [0 0 1 0 0 0 0 0 0 0 0])
  ("my_swap" .
   [1 0 0 0 1 0 0])
  ("digit" .
   [3 0 0 0 1])
  ("display_digit" .
   [0 0 1 2 0 1 0 0 0 0 0 0 0])
  ("my_aff_comb" .
   [0 0 0 0 1 0 0 0 0 0 0])
  ("next" .
   [28 0 0 1])
  ("net" .
   [0 0 1])
  ("age" .
   [3 0 0])
  ("element" .
   [0 0 0 6 1 0 0])
  ("my_put_in_list" .
   [1 0 0 0 1 0 1 0 1 0 0 0 0 0])
  ("list" .
   [96 0 0 2])
  ("s_list" .
   [6 0 1 1 1 0])
  ("LIST_H__" .
   [0 0 4 0 0 0 0 0])
  ("list_option" .
   [0 0 0 1 0 0 0 0 0 0 0])
  ("ret_strcmp" .
   [0 0 0 0 1 0 0 0 0 0])
  ("option_tab" .
   [0 0 4 4 0 5 2 0 1 2])
  ("my_strcmp" .
   [2 0 0 0 2 0 0 0 0])
  ("position" .
   [0 0 0 0 1 1 0 0])
  ("ppti" .
   [1 0 0 0])
  ("color" .
   [3 0 0 0 1])
  ("end_y" .
   [1 0 0 0 0])
  ("start_x" .
   [1 0 0 0 1 1 0])
  ("start_y" .
   [1 0 0 0 1 0 0])
  ("draw_square" .
   [0 0 1 0 0 0 0 0 0 0 0])
  ("100" .
   [9 0 0])
  ("func_quit" .
   [0 0 0 1 0 0 0 0 0])
  ("rect_size_y" .
   [1 0 0 2 0 0 0 0 0 0 0])
  ("rect_size_x" .
   [0 0 3 1 0 0 0 0 0 0 0])
  ("put_first_space" .
   [0 0 0 0 0 1 0 0 0 0 0 0 0 0 0])
  ("put_space" .
   [0 0 0 0 0 1 0 0 0])
  ("taille" .
   [6 0 0 2 0 0])
  ("sapin" .
   [2 0 0 1 0])
  ("argc" .
   [1 0 0 0])
  ("my_isneg" .
   [1 0 0 1 0 2 1 0])
  ("my_aff_revalpha" .
   [0 0 0 0 0 0 0 0 0 0 1 0 0 0 0])
  ("count_bit" .
   [0 0 1 2 1 2 0 0 0])
  ("__MINITALK_H__" .
   [0 0 2 0 0 0 0 0 0 0 0 0 0 0])
  ("cmp" .
   [2 0 0])
  ("count_bits" .
   [0 0 0 1 1 1 0 0 0 0])
  ("path" .
   [25 0 0 0])
  ("t_mysh2" .
   [0 0 0 0 0 0 1])
  ("my_str_copy" .
   [0 0 0 1 0 0 0 0 0 0 0])
  ("src" .
   [20 0 2])
  ("dest" .
   [29 0 1 2])
  ("ret_lw" .
   [0 0 2 0 0 1])
  ("len_word" .
   [0 0 1 5 1 1 0 1])
  ("save_i" .
   [1 0 0 0 0 0])
  ("return_word" .
   [0 0 1 0 0 2 1 0 0 0 0])
  ("count_ltr_word" .
   [0 0 0 3 0 1 0 1 0 0 0 0 0 0])
  ("xmalloc" .
   [2 0 1 0 0 1 0])
  ("ret_cw" .
   [1 0 2 0 2 0])
  ("word_tab" .
   [0 0 1 9 0 0 0 1])
  ("count_word" .
   [0 0 0 1 2 2 0 1 0 0])
  ("my_strlen" .
   [14 0 0 0 5 0 2 1 1])
  ("str" .
   [225 0 1])
  ("epur_str" .
   [2 0 0 1 0 0 0 0])
  ("board" .
   [0 0 2 2 0])
  ("5000" .
   [1 0 0 0])
  ("count" .
   [8 0 0 0 0])
  ("time" .
   [1 0 0 0])
  ("good_rand_matche" .
   [0 0 0 1 0 0 0 0 0 0 0 0 0 0 0 0])
  ("matche" .
   [2 0 0 0 0 0])
  ("Alum" .
   [0 0 0 2])
  ("good_rand_row" .
   [0 0 0 1 0 0 0 0 0 0 0 0 0])
  ("matche_tab" .
   [0 0 1 3 5 3 6 0 1 7])
  ("row" .
   [7 0 1])
  ("select_row" .
   [0 0 0 0 1 0 0 0 0 0])
  ("xread" .
   [2 0 0 0 0])
  ("memset" .
   [0 0 0 0 0 2])
  ("4096" .
   [4 0 0 0])
  ("controle_D" .
   [0 0 0 0 0 0 0 0 1 0])
  ("signal" .
   [7 0 0 0 1 0])
  ("static" .
   [29 0 0 3 3 0])
  ("select_matches" .
   [0 0 0 1 0 0 0 0 0 0 0 0 0 0])
  ("__ALLUM1_H__" .
   [0 0 2 0 0 0 0 0 0 0 0 0])
  ("my_putstr" .
   [49 0 4 7 0 3 2 1 0])
  ("space" .
   [13 0 0 0 0])
  ("allum" .
   [5 0 0 0 0])
  ("nbr_space" .
   [0 0 1 3 2 2 0 0 0])
  ("raw_mode" .
   [0 0 1 0 0 0 0 0])
  ("__MY_SELECT__H_" .
   [0 0 1 0 0 0 0 0 0 0 0 0 0 0 0])
  ("buff" .
   [77 0 0 0])
  ("clr" .
   [6 0 0])
  ("status" .
   [12 0 0 0 0 0])
  ("wait" .
   [3 0 0 0])
  ("execlp" .
   [0 0 0 0 1 0])
  ("pid" .
   [37 0 1])
  ("sizeof" .
   [16 0 1 1 6 0])
  ("temp" .
   [6 0 2 0])
  ("matrix_res" .
   [4 0 1 0 0 0 2 1 0 3])
  ("matrix1" .
   [3 0 0 0 0 0 2])
  ("matrix_product" .
   [0 0 0 0 0 0 0 0 0 0 1 0 0 0])
  ("cos" .
   [4 0 0])
  ("angle" .
   [11 0 0 1 1])
  ("rotate" .
   [1 0 0 0 0 0])
  ("printf" .
   [207 0 2 2 5 5])
  ("matrix_ret" .
   [0 0 0 0 0 1 0 0 0 0])
  ("000" .
   [8 0 0])
  ("init_matrix_base" .
   [0 0 0 1 0 0 0 0 0 0 0 0 0 0 0 0])
  ("matrix_base" .
   [0 0 0 1 0 0 0 0 1 0 4])
  ("double" .
   [26 0 0 0 2 0])
  ("Symmetry" .
   [0 0 0 0 0 1 0 0])
  ("Rotation" .
   [0 0 1 0 0 0 0 0])
  ("Homothety" .
   [0 0 0 0 0 1 0 0 0])
  ("no_argument" .
   [0 0 2 1 0 0 0 0 0 0 0])
  ("struct" .
   [40 0 5 5 1 2])
  ("typedef" .
   [10 0 0 1 7 2 1])
  ("__BSQ_H__" .
   [0 0 2 0 0 0 0 0 0])
  ("include" .
   [129 0 1 0 0 0 0])
  ("put_the_square" .
   [0 0 0 1 0 0 0 0 0 0 0 0 0 0])
  ("return" .
   [239 0 7 6 7 14])
  ("flag_point" .
   [0 0 0 2 1 0 0 0 0 1])
  ("temp_x" .
   [1 0 0 0 5 0])
  ("if" .
   [116 0])
  ("x_temp" .
   [0 0 0 1 0 0])
  ("while" .
   [201 0 1 0 2])
  ("int" .
   [722 0 2])
  ("void" .
   [203 0 1 1])
  ("count_point" .
   [0 0 0 4 1 1 0 0 0 0 0])
  ("else" .
   [164 0 8 0])
  ("my_printf" .
   [23 0 1 3 6 0 1 2 3])
  ("col_n" .
   [1 0 0 2 0])
  ("x_max" .
   [2 0 6 3 0])
  ("look_for_square" .
   [0 0 0 3 0 0 0 0 0 0 0 0 0 0 0])
  ("tab" .
   [104 0 2])
  ("save_x" .
   [5 0 2 1 3 2])
  ("~/Documents/" .
   [0 0 0 0 0 1 0 0 0 0 0 0])
  ("~/Documents/Library/" .
   [0 0 0 0 0 0 0 0 0 0 0 0 1 0 0 0 0 0 0 0])
  ("~/Documents/Library/Fichier.c/" .
   [0 0 0 0 0 0 0 0 0 0 0 0 0 0 0 0 0 0 0 0 1 0 0 0 0 0 0 0 0 0])
  ("~/Documents/Library/Fichier.c/get_next_line.h" .
   [0 0 0 0 0 0 0 0 0 0 0 0 0 0 0 0 0 0 0 0 0 0 0 0 0 0 0 0 0 0 1 0 0 0 0 0 0 0 0 0 0 0 0 0 0])
  ("y_max" .
   [0 0 4 2 0])
  ("NULL" .
   [86 0 0 0])
  ("lign_n" .
   [0 0 0 0 1 0])
  ("char" .
   [427 0 1 1])
  ("test_var" .
   [0 0 0 0 1 0 0 0])
  ("const" .
   [14 0 0 0 1])
  ("103" .
   [1 0 0])
  ("103homogene" .
   [0 0 0 0 1 0 0 0 0 0 0])
  ("matrix_temp" .
   [5 0 0 0 0 1 0 0 0 0 1])
  ("alias" .
   [7 0 0 0 0])
  ("pid_t" .
   [8 0 0 1 0])
  ("/home/" .
   [0 3 1 0 0 0])
  ("/home/petitp_g/" .
   [0 0 0 0 0 0 1 0 0 0 0 0 0 0 0])
  ("/home/petitp_g/Documents/" .
   [0 0 0 0 0 0 0 0 0 0 0 0 0 0 0 1 0 0 0 0 0 0 0 0 0])
  ("/home/petitp_g/Documents/Library/" .
   [0 0 0 0 0 0 0 0 0 0 0 0 0 0 0 0 0 0 0 0 0 0 0 0 0 1 0 0 0 0 0 0 0])
  ("/home/petitp_g/Documents/Library/Fichier.c/" .
   [0 0 0 0 0 0 0 0 0 0 0 0 0 0 0 0 0 0 0 0 0 0 0 0 0 0 0 0 0 0 0 0 0 1 0 0 0 0 0 0 0 0 0])
  ("/home/petitp_g/Documents/Library/Fichier.c/get_next_line.h" .
   [0 0 0 0 0 0 0 0 0 0 0 0 0 0 0 0 0 0 0 0 0 0 0 0 0 0 0 0 0 0 0 0 0 0 0 0 0 0 0 0 0 0 0 1 0 0 0 0 0 0 0 0 0 0 0 0 0 0])
  ("define" .
   [39 0 1 0 0 0])
  ("ifndef" .
   [2 0 0 1 0 0])
  ("__GET_NEXT_LINE_H__" .
   [0 0 1 1 0 0 0 0 0 0 0 0 0 0 0 0 0 0 0])
  ("__MY_PRINTF_H__" .
   [0 0 0 0 0 1 0 0 0 0 0 0 0 0 0])
  ("__105EQUATION_H__" .
   [0 0 1 0 1 0 0 0 0 0 0 0 0 0 0 0 0])
  ("couleur" .
   [5 0 0 0 0 0 0])
  ("xtemp" .
   [4 0 1 0 0])
  ("eps_test" .
   [1 0 0 1 0 0 0 0])
  ("EPS" .
   [2 0 0])
  ("xnp1" .
   [4 0 5 7])
  ("xsave" .
   [4 0 0 0 0])
  ("fabs" .
   [1 0 1 0])
  ("MAX_IT" .
   [0 0 0 1 1 0])
  ("exit" .
   [45 0 0 1])
  ("EXIT_SUCCESS" .
   [1 0 2 2 0 1 0 0 0 0 0 0])
  ("res" .
   [16 0 0])
  ("do_func" .
   [2 0 0 1 1 0 0])
  ("x1" .
   [6 0])
  ("main" .
   [10 0 1 0])
  ("termios" .
   [7 0 0 0 0 0 1])
  ("c_lflag" .
   [0 0 0 0 1 0 0])
  ("EXIT_FAILURE" .
   [2 0 4 11 8 1 0 1 0 0 0 0])
  ("my_error" .
   [4 0 0 0 0 0 0 2])
  ("cap" .
   [2 0 0])
  ("mvmt" .
   [0 0 1 1])
  ("arg" .
   [6 0 0])
  ("save" .
   [35 0 0 0])
  ("put_allum" .
   [2 0 0 0 1 0 0 1 0])
  ("allum_tab" .
   [1 0 2 12 5 1 0 0 15])
  ("nbr_allum" .
   [0 0 0 1 0 0 0 0 0])
  ("nbr_lign" .
   [0 0 7 20 1 3 1 3])
  ("allum_per_lign" .
   [0 0 0 1 2 0 0 0 0 0 0 0 0 1])
  ("lign" .
   [9 0 1 0])
  ("show_tab" .
   [0 0 0 0 1 0 0 0])
  ("my_putchar" .
   [69 0 8 6 4 2 4 2 6 1])
  ("my_getnbr" .
   [0 0 4 1 0 6 4 1 0])
  ("total_matches" .
   [0 0 4 0 0 3 0 0 0 0 0 0 1])
  ("matches" .
   [1 0 0 0 0 0 0])
  ("matches_countdown" .
   [0 0 0 0 0 0 0 0 0 0 0 1 0 0 0 0 0])
  ("played_matches" .
   [0 0 0 1 0 0 0 0 0 0 0 0 0 0])
  ("get_next_line" .
   [0 0 2 4 1 0 0 0 0 0 0 0 0])
  ("play_the_game" .
   [0 0 0 1 3 0 1 0 0 0 0 0 0])
  ("select" .
   [0 0 0 0 1 1])
  ("selected_row" .
   [0 0 0 1 1 1 0 1 1 0 1 2])
  ("selected_matches" .
   [1 0 0 1 2 1 0 0 0 0 0 0 0 0 0 0])
  ("flag" .
   [10 0 0 0])
  ("choose_mode" .
   [1 0 0 0 1 0 0 0 0 0 0])
  ("500" .
   [12 0 0])
  ("ret_mode" .
   [3 0 0 1 1 0 0 0])
  ("Choose" .
   [0 0 0 0 0 1])
  ("aff_ascii" .
   [0 0 0 0 1 0 0 0 0])
  ("___" .
   [1 0 0])
  ("pars_tab" .
   [0 0 0 1 0 0 0 0])
  ("ret_pt" .
   [2 0 2 3 2 1])
  ("ret_tm" .
   [3 0 0 0 0 1])
  ("chuck_norris_ai" .
   [0 0 0 0 1 0 0 0 0 0 0 0 0 0 0])
  ("ret_cl" .
   [1 0 0 0 0 2])
  ("choose_lvl" .
   [0 0 0 0 0 0 1 0 0 0])
  ("aff_loose" .
   [0 0 0 0 1 0 0 0 0])
  ("random" .
   [1 0 0 0 0 0])
  ("buffer" .
   [11 0 0 0 1 0])
  ("piece" .
   [9 0 1 2 0])
  ("my_put_nbr" .
   [2 0 0 1 0 0 3 2 0 0])
  ("word" .
   [25 0 3 0])
  ("extern" .
   [11 0 1 0 1 0])
  ("environ" .
   [0 0 0 3 0 0 0])
  ("env" .
   [10 0 0])
  ("mysh2" .
   [2 0 1 0 6])
  ("send_msg" .
   [1 0 0 0 0 0 0 0])
  ("sig" .
   [2 0 0])
  ("toto" .
   [8 0 0 0])
  ("sighandler_t" .
   [0 0 0 0 2 0 0 0 0 0 1 0])
  ("xsignal" .
   [2 0 0 0 0 0 0])
  ("signum" .
   [1 0 0 0 0 0])
  ("handler" .
   [2 0 1 1 0 0 0])
  ("tmp" .
   [49 0 1])
  ("usec" .
   [2 0 0 0])
  ("unsigned" .
   [4 0 2 1 2 0 0 0])
  ("paye_ta_norme" .
   [0 0 0 1 0 0 0 0 0 0 0 0 0])
  ("my_aff_alpha" .
   [0 0 0 0 3 0 2 0 0 0 0 1])
  ("aff_z" .
   [4 0 0 0 0])
  ("nbr" .
   [4 0 0])
  ("mod" .
   [5 0 0])
  ("test" .
   [10 0 0 0])
  ("SDL" .
   [1 0 1])
  ("SDL_Init" .
   [1 0 0 0 0 0 0 0])
  ("SDL_INIT_VIDEO" .
   [0 0 0 0 0 0 0 0 1 0 0 0 0 0])
  ("640" .
   [1 0 0])
  ("continue" .
   [0 0 0 0 0 0 0 2])
  ("pause" .
   [1 0 0 0 0])
  ("ecran" .
   [3 0 0 1 0])
  ("MYSH_H__" .
   [0 0 0 0 0 1 0 0])
  ("mlx_ptr" .
   [1 0 1 2 0 0 4])
  ("win_ptr" .
   [0 0 0 2 1 0 3])
  ("250" .
   [3 0 0])
  ("size_x" .
   [4 0 2 0 0 0])
  ("size_y" .
   [4 0 1 0 1 1])
  ("rectangle" .
   [0 0 0 1 0 0 0 0 0])
  ("img_ptr" .
   [0 0 3 1 0 0 0])
  ("background" .
   [1 0 2 3 3 0 0 0 0 0])
  ("bpp" .
   [2 0 0])
  ("endian" .
   [1 0 0 0 0 0])
  ("usage" .
   [1 0 0 0 0])
  ("dirent" .
   [4 0 0 0 0 0])
  ("info" .
   [10 0 1 0])
  ("look_in_dir" .
   [0 0 0 1 0 0 0 0 0 0 0])
  ("treat_file" .
   [0 0 0 1 0 0 0 0 0 0])
  ("stat" .
   [3 0 0 0])
  ("dir" .
   [18 0 0])
  ("DIR" .
   [3 0 0])
  ("file_inf" .
   [0 0 0 2 0 0 0 0])
  ("ret_stat" .
   [1 0 0 0 0 1 0 0])
  ("my_strcat" .
   [7 0 0 1 0 0 0 0 0])
  ("d_name" .
   [2 0 0 0 0 0])
  ("look_for_option" .
   [0 0 0 0 1 0 0 0 0 0 0 0 0 0 0])
  ("option" .
   [10 0 0 0 0 0])
  ("dir_info" .
   [4 0 1 0 0 0 1 1])
  ("readdir" .
   [1 0 1 0 0 0 0])
  ("stat_info" .
   [1 0 0 2 0 2 0 0 0])
  ("st_mtime" .
   [1 0 0 0 0 0 0 0])
  ("union" .
   [2 0 0 0 0])
  ("uni" .
   [1 0 0])
  ("write" .
   [8 0 0 0 0])
  ("check_if_exist" .
   [0 0 1 1 1 0 0 0 0 0 0 0 0 0])
  ("ret" .
   [21 0 0])
  ("tata" .
   [2 0 0 0])
  ("name" .
   [17 0 1 0])
  ("my_show_list" .
   [0 0 2 1 2 1 0 2 1 0 0 0])
  ("display_comb" .
   [0 0 0 1 0 0 0 0 0 0 0 0])
  ("aff_tab" .
   [0 0 0 2 0 0 0])
  ("cpt1" .
   [14 0 5 0])
  ("cpt2" .
   [8 0 4 2])
  ("found_lign" .
   [0 0 0 0 1 0 0 0 0 0])
  ("atoi" .
   [1 0 0 0])
  ("sign" .
   [2 0 0 0])
  ("base_draw1_1" .
   [1 0 0 0 0 0 0 0 0 0 0 0])
  ("./bin/" .
   [0 0 0 0 0 1])
  ("./bin/./colle1-" .
   [0 0 0 0 0 0 0 0 0 0 0 0 0 0 1])
  ("my_strcpy" .
   [2 0 0 0 0 0 0 1 1])
  ("my_strncpy" .
   [0 0 0 1 0 0 0 0 0 0])
  ("strstr" .
   [1 0 0 0 0 0])
  ("to_find" .
   [1 0 3 2 1 0 0])
  ("my_strstr" .
   [1 0 0 0 0 0 1 0 0])
  ("backup" .
   [1 0 0 0 0 1])
  ("backup_i" .
   [4 0 0 0 0 0 0 0])
  ("backup_j" .
   [1 0 0 1 1 0 0 1])
  ("my_str_isnum" .
   [1 0 0 0 0 0 0 0 0 0 0 0])
  ("my_str_isupper" .
   [1 0 0 0 0 0 0 0 0 0 0 0 0 0])
  ("my_str_isprintable" .
   [0 0 0 1 0 0 0 0 0 0 0 0 0 0 0 0 0 1])
  ("base" .
   [5 0 0 0])
  ("len_base" .
   [0 0 0 1 0 0 0 0])
  ("my_putnbr_base" .
   [0 0 0 1 0 0 0 0 0 0 0 0 0 0])
  ("is_alphanum" .
   [0 0 2 0 0 0 0 0 0 0 0])
  ("malloc" .
   [6 0 0 0 0 0])
  ("send_word" .
   [0 0 0 0 1 0 0 0 0])
  ("start_pos" .
   [0 0 0 2 3 2 0 0 1])
  ("Started" .
   [0 0 0 0 0 1 0])
  ("string" .
   [3 0 0 0 0 0])
  ("calc" .
   [0 0 0 2])
  ("my_list_size" .
   [1 0 2 0 0 0 2 1 1 0 0 0])
  ("my_rev_list" .
   [0 0 1 0 0 0 0 1 0 0 0])
  ("my_apply_on_list" .
   [0 0 1 0 0 0 0 0 0 0 0 0 0 0 0 0])
  ("begin" .
   [6 0 0 0 0])
  ("data" .
   [8 0 0 0])
  ("data_ref" .
   [0 0 0 0 1 0 0 0])
  ("read" .
   [2 0 0 0])
  ("pathname" .
   [0 0 2 1 5 0 0 0])
  ("cat_solo" .
   [0 0 1 0 0 1 0 0])
  ("COLLE3_H__" .
   [0 0 1 0 0 1 0 0 0 0])
  ("curs" .
   [8 0 2 1])
  ("detect_glue" .
   [0 0 0 0 1 0 0 0 0 0 0])
  ("len_line" .
   [1 0 2 3 0 1 0 0])
  ("check_size_line" .
   [0 0 0 0 1 0 0 0 0 0 0 0 0 0 0])
  ("glue_nbr" .
   [0 0 0 1 0 0 0 0])
  ("check_char_line_3_4_5" .
   [0 0 1 0 0 0 0 0 0 0 0 0 0 0 0 0 0 0 0 0 0])
  ("check_char_line" .
   [0 0 1 0 0 0 0 0 0 0 0 0 0 0 0])
  ("check_char_line_1" .
   [0 0 0 0 0 0 0 0 0 0 0 0 0 0 0 0 1])
  ("export" .
   [1 0 0 0 0 0])
  ("svnpath" .
   [0 0 0 1 0 0 0])
  ("t" .
   [1])
  ("transient-mark-mode" .
   [0 0 0 0 0 0 1 0 0 0 0 0 0 0 0 0 0 0 0])
  ("bold" .
   [1 0 0 0])
  ("ls_no_arg" .
   [0 0 1 0 0 0 0 0 0])
  ("new" .
   [26 0 0])
  ("t_dirent" .
   [1 0 0 0 0 0 0 0])
  ("closedir" .
   [1 0 0 0 0 0 0 0])
  ("list_long" .
   [1 0 0 0 0 0 0 0 0])
  ("listing" .
   [0 0 0 0 1 0 0])
  ("getpid" .
   [2 0 0 1 0 0])
  ("pid_son" .
   [6 0 0 0 0 0 0])
  ("my_fork" .
   [3 0 0 0 0 0 0])
  ("pid_dad" .
   [1 0 0 1 0 0 0])
  ("check" .
   [6 0 0 0 0])
  ("polish" .
   [1 0 0 0 0 0])
  ("nbs" .
   [1 0 0])
  ("est" .
   [2 0 0])
  ("oper" .
   [1 0 0 0])
  ("str1" .
   [1 0 0 1])
  ("stock_numbers" .
   [0 0 0 0 0 0 1 0 0 0 0 0 0])
  ("str2" .
   [3 0 0 1])
  ("stock_oper" .
   [0 0 0 1 0 0 0 0 0 0])
  ("stock" .
   [12 0 0 0 0])
  ("fmt" .
   [3 0 0])
  ("switch" .
   [1 0 0 0 0 0])
  ("case" .
   [3 0 0 0])
  ("break" .
   [3 0 0 0 0])
  ("va_arg" .
   [5 0 4 0 1 0])
  ("foo" .
   [2 0 0])
  ("sum" .
   [4 0 0])
  ("vaarg" .
   [2 0 0 0 0])
  ("format" .
   [10 0 0 3 0 0])
  ("va_list" .
   [8 0 0 0 0 0 0])
  ("termios_p" .
   [2 0 0 0 0 0 1 0 0])
  ("c_cc" .
   [1 0 0 0])
  ("pipefd" .
   [3 0 0 0 0 0])
  ("close" .
   [5 0 0 0 0])
  ("10240" .
   [1 0 0 0 0])
  ("line" .
   [9 0 0 0])
  ("buf" .
   [18 0 0])
  ("MAX_CHAR" .
   [0 0 0 1 0 0 0 0])
  ("char_to_tab" .
   [1 0 0 0 1 0 0 0 0 0 0])
  ("read_file" .
   [0 0 0 0 0 1 0 0 0])
  ("short" .
   [2 0 0 3 0])
  ("ushort" .
   [3 0 0 0 0 0])
  ("delete_spaces" .
   [0 0 1 0 0 0 0 0 0 0 0 0 0])
  ("head" .
   [9 0 0 0])
  ("instru_name" .
   [1 0 2 2 1 0 1 0 0 0 0])
  ("corew_t" .
   [4 0 0 0 5 2 0])
  ("create_linked_list" .
   [0 0 0 0 2 0 0 0 0 0 0 0 0 0 0 0 0 0])
  ("list_push_front" .
   [0 0 0 0 1 1 0 0 0 0 0 0 0 0 0])
  ("prev" .
   [6 0 0 0])
  ("tmpcp" .
   [3 0 0 0 0])
  ("list_push_end" .
   [0 0 0 0 1 0 0 0 0 0 0 0 0])
  ("display" .
   [3 0 0 0 0 0 1])
  ("header_t" .
   [2 0 0 0 0 0 0 0])
  ("commande" .
   [1 0 0 0 0 0 0 0])
  ("comm" .
   [1 0 0 0])
  ("inst_s" .
   [1 0 0 0 0 0])
  ("inst_t" .
   [1 0 0 0 0 0])
  ("parsing" .
   [1 0 0 0 0 0 0])
  ("IND_HEXA" .
   [0 0 0 2 0 0 0 0])
  ("inst_tab" .
   [0 0 0 1 0 0 0 0])
  ("mnemonique" .
   [0 0 0 3 0 0 0 0 0 0])
  ("la" .
   [46 0])
  ("lb" .
   [32 0])
  ("initier" .
   [0 0 0 1 0 0 0])
  ("scinder" .
   [2 0 0 0 0 0 0])
  ("nb_tours" .
   [0 0 1 1 0 0 0 0])
  ("2" .
   [2])
  ("tri" .
   [2 0 0])
  ("TRUE" .
   [40 0 0 0])
  ("FALSE" .
   [45 0 2 0 0])
  ("ok" .
   [2 0])
  ("tri_super_con" .
   [0 0 1 0 0 0 0 0 0 0 0 0 0])
  ("mlx_string_put" .
   [0 0 0 0 0 1 0 0 0 0 0 0 0 0])
  ("win" .
   [19 0 0])
  ("50" .
   [7 0])
  ("RED" .
   [5 0 0])
  ("SIZE_X" .
   [2 0 0 1 2 0])
  ("SIZE_Y" .
   [2 0 0 0 0 0])
  ("img" .
   [7 0 0])
  ("draw_line" .
   [0 0 1 0 0 0 0 0 0])
  ("11" .
   [2 0])
  ("20" .
   [7 0])
  ("252" .
   [2 0 0])
  ("my" .
   [2 0])
  ("Charlie" .
   [0 0 0 0 1 0 0])
  ("prompt" .
   [0 0 0 0 0 1])
  ("prompt_ok" .
   [1 0 0 0 0 0 0 0 0])
  ("in" .
   [6 0])
  ("nil" .
   [1 0 0])
  ("elem" .
   [5 0 0 0])
  ("coord" .
   [8 0 0 0 0])
  ("x2" .
   [8 0])
  ("y2" .
   [7 0])
  ("y1" .
   [4 0])
  ("add_var" .
   [2 0 0 0 0 0 0])
  ("add_in_env" .
   [1 0 0 0 0 0 0 0 0 0])
  ("list_to_tab" .
   [0 0 0 0 1 1 0 0 0 0 0])
  ("show_wordtab" .
   [0 0 0 0 3 0 1 0 0 0 0 0])
  ("env_tmp" .
   [0 0 1 0 0 0 0])
  ("free" .
   [8 0 0 0])
  ("my_cmp" .
   [1 0 0 0 0 0])
  ("VAR" .
   [3 0 0])
  ("del_in_list" .
   [0 0 0 0 0 1 0 0 0 0 0])
  ("del_" .
   [0 0 0 2])
  ("del_last" .
   [0 0 0 0 0 0 1 0])
  ("del_pos" .
   [1 0 0 0 0 0 0])
  ("my_memset" .
   [0 0 0 0 0 1 1 0 0])
  ("x1_y1" .
   [1 0 0 0 0])
  ("t_pos" .
   [2 0 0 0 0])
  ("t_coord" .
   [1 0 0 0 0 0 0])
  ("intersections" .
   [0 0 0 0 0 1 0 0 0 0 0 0 0])
  ("CASE" .
   [2 0 0 0])
  ("POS_PX" .
   [2 0 0 0 0 0])
  ("indian" .
   [1 0 0 0 0 0])
  ("trier" .
   [1 0 0 0 0])
  ("len_la" .
   [4 0 0 0 0 0])
  ("len_lb" .
   [3 0 0 0 0 0])
  ("ss" .
   [1 0])
  ("fusionner" .
   [1 0 0 0 0 0 0 0 0])
  ("OK" .
   [0 1])
  ("term" .
   [3 0 0 0])
  ("xtputs" .
   [1 0 0 0 0 0])
  ("result" .
   [3 0 0 0 0 0])
  ("my_clear_screen" .
   [0 0 0 0 0 1 0 1 0 0 0 0 0 0 0])
  ("area" .
   [5 0 0 0])
  ("cl" .
   [1 0])
  ("tgetstr" .
   [0 0 0 0 1 0 0])
  ("options" .
   [15 0 2 0 0 1 0])
  ("signal_number" .
   [1 0 0 0 0 0 0 1 1 0 0 0 0])
  ("SIG_ERR" .
   [1 0 0 0 0 0 0])
  ("xexit" .
   [1 0 0 0 0])
  ("NONE" .
   [2 0 0 0])
  ("return_term_ok" .
   [0 0 0 0 0 0 0 1 0 0 1 0 0 0])
  ("nb_lines" .
   [2 0 0 0 0 0 0 0])
  ("create_parseur_list" .
   [0 0 0 1 0 0 0 0 0 0 0 0 0 0 0 0 0 0 0])
  ("IS_SIGN" .
   [2 0 0 0 0 1 0])
  ("IS_REDIR_" .
   [0 0 0 0 0 0 0 0 1])
  ("IS_REDIR_r" .
   [0 0 0 0 0 1 0 0 0 0])
  ("IS_REDIR_2r" .
   [0 0 0 0 0 1 0 0 0 0 0])
  ("IS_REDIR_2l" .
   [0 0 0 0 0 0 0 0 1 0 0])
  ("IS_SIMPLE_SIGN" .
   [0 0 0 0 0 0 0 0 0 1 0 0 0 0])
  ("IS_DOUBLE" .
   [1 0 0 0 0 0 0 0 0])
  ("len_col" .
   [2 0 0 1 0 1 0])
  ("pos2" .
   [4 0 0 0])
  ("max_line" .
   [3 0 0 0 0 0 0 0])
  ("max_len" .
   [4 0 0 0 0 0 0])
  ("path_file" .
   [1 0 0 0 0 0 0 0 0])
  ("save_path_file" .
   [0 0 0 0 0 3 0 0 0 0 0 0 0 0])
  ("file" .
   [8 0 0 0])
  ("return_history" .
   [0 0 0 0 0 0 0 0 0 1 0 0 0 0])
  ("open_history_in_file" .
   [0 0 0 0 2 0 0 0 0 0 0 0 0 0 0 0 0 0 0 0])
  ("print_prompt" .
   [0 0 0 0 0 0 1 1 0 0 0 0])
  ("print_history" .
   [0 0 0 0 0 0 0 0 1 0 0 0 0])
  ("/bin/date" .
   [1 0 0 0 0 0 0 0 0])
  ("DATE.tar.gz" .
   [0 0 0 0 0 1 0 0 0 0 0])
  ("xwrite_error" .
   [0 0 0 0 1 0 0 1 0 0 0 0])
  ("xwrite" .
   [2 0 0 0 0 0])
  ("hexl-mode" .
   [1 0 0 0 0 0 0 0 0])
  ("create_list" .
   [0 0 0 0 0 0 1 0 0 0 0])
  ("champions" .
   [0 0 0 0 0 1 0 0 0])
  ("true" .
   [2 0 0 0])
  ("false" .
   [6 0 0 0 0])
  ("DELETE" .
   [3 0 0 0 1 0])
  ("NB_ALLUM" .
   [0 0 0 0 1 0 0 0])
  ("deplace" .
   [0 0 0 0 1 0 0])
  ("dedeplace" .
   [0 0 0 1 0 0 0 0 0])
  ("POSITION" .
   [1 0 0 0 0 0 0 0])
  ("NB_LINE" .
   [0 0 2 0 0 0 0])
  ("return_dump" .
   [1 0 0 0 0 0 0 0 0 0 0])
  ("declare" .
   [3 0 0 0 0 0 0])
  ("DB_NAME" .
   [1 0 0 0 0 0 0])
  ("DB_PASSWD" .
   [1 0 0 0 0 0 0 0 0])
  ("lin" .
   [1 0 0])
  ("UNSELECT" .
   [0 0 0 0 1 0 0 0])
  ("O_CREAT" .
   [0 0 0 0 0 1 0])
  ("argv" .
   [10 0 0 0])
  ("system" .
   [2 0 0 0 0 0])
  ("O_WRONLY" .
   [1 0 0 0 0 0 0 0])
  ("filename" .
   [4 0 0 0 0 0 0 0])
  ("operator" .
   [1 0 0 0 0 0 0 0])
  ("open_file" .
   [1 0 0 0 0 1 0 0 0])
  ("fr" .
   [1 0])
  ("stdio" .
   [1 0 0 0 0])
  ("op" .
   [7 0])
  ("CMD_PIPE" .
   [2 0 1 1 0 0 0 0])
  ("sh" .
   [68 0])
  ("OPE_PIPE" .
   [1 0 0 0 1 0 0 1])
  ("dup" .
   [2 0 0])
  ("tube" .
   [4 0 0 0])
  ("faire" .
   [2 0 0 0 0])
  ("12" .
   [1 0])
  ("CMD" .
   [1 0 0])
  ("pipe" .
   [1 0 0 0])
  ("STDIN_FILENO" .
   [0 0 0 0 0 0 1 0 0 0 0 0])
  ("apt-get" .
   [1 0 0 0 0 0 0])
  ("fi" .
   [1 0])
  ("display_error2" .
   [3 0 0 0 0 0 0 0 0 0 0 0 0 0])
  ("env_name" .
   [1 0 0 0 0 0 0 0])
  ("t_env" .
   [5 0 0 0 0])
  ("adj_nb_sommet_adjacent" .
   [0 0 0 0 0 0 0 0 0 0 0 0 0 0 0 1 0 0 0 0 0 0])
  ("cout" .
   [2 0 0 0])
  ("exist_square" .
   [0 0 0 0 0 0 0 0 1 0 0 0])
  ("exist_line" .
   [0 0 0 0 0 0 0 1 0 0])
  ("minilibx" .
   [0 0 0 0 0 0 1 0])
  ("realloc_cmd" .
   [0 0 0 0 0 1 0 0 0 0 0])
  ("MAX_LETTERS_CMD" .
   [0 0 1 0 1 0 0 0 0 0 0 0 0 0 0])
  ("cmd_len" .
   [2 0 0 0 0 0 0])
  ("display_error_tree" .
   [4 0 0 0 0 0 0 0 0 0 0 0 0 0 0 0 0 0])
  ("t_abr" .
   [2 0 0 0 0])
  ("value" .
   [9 0 0 0 0])
  ("pwd" .
   [4 0 0])
  ("get_env" .
   [1 0 0 0 0 0 0])
  ("strlen" .
   [1 0 0 0 0 0])
  ("pos_hist" .
   [0 0 0 0 0 0 1 0])
  ("key" .
   [2 0 0])
  ("hist" .
   [12 0 0 0])
  ("strcmp" .
   [3 0 0 0 0 0])
  ("print_hist2" .
   [0 0 0 0 0 0 0 0 1 0 0])
  ("head_list" .
   [1 0 0 0 0 0 0 0 0])
  ("size_t" .
   [2 0 0 0 0 0])
  ("show_history" .
   [0 0 0 1 0 0 0 0 0 0 0 0])
  ("PROG_NAME" .
   [1 0 0 0 0 0 0 0 0])
  ("msg" .
   [9 0 0])
  ("argp" .
   [1 0 0 0])
  ("stdarg" .
   [1 0 0 0 0 0])
  ("process" .
   [13 0 0 0 0 0 1])
  ("sources/lexer/" .
   [0 0 0 0 0 0 0 0 1 0 0 0 0 0])
  ("sources/parseur/" .
   [0 0 0 0 0 0 0 0 1 0 0 0 0 0 0 0])
  ("change_cd" .
   [1 0 0 0 0 0 0 0 0])
  ("READ_WORD_OR_CMD" .
   [0 0 0 0 1 0 0 0 0 0 0 0 0 0 0 0])
  ("id" .
   [6 0])
  ("TOKEN_WORD" .
   [1 0 0 0 0 0 0 0 0 0])
  ("left" .
   [1 0 0 0])
  ("args" .
   [2 0 0 0])
  ("strerror" .
   [1 0 0 0 0 0 0 0])
  ("display_error_null2" .
   [2 0 0 0 0 0 0 0 0 0 0 0 0 0 0 0 0 0 0])
  ("g_pid" .
   [8 0 0 0 0])
  ("SIGKILL" .
   [1 0 0 0 0 0 0])
  ("SIGTERM" .
   [3 0 0 0 0 0 0])
  ("arrow" .
   [1 0 0 0 0])
  ("termcaps" .
   [1 0 0 0 0 0 0 0])
  ("reinit_term" .
   [0 0 0 0 0 1 0 0 0 0 0])
  ("init_term" .
   [0 0 0 0 0 1 0 0 0])
  ("luminosite" .
   [1 0 0 0 0 0 0 0 0 0])
  ("obj" .
   [2 0 0])
  ("brillance" .
   [2 0 0 0 0 0 0 0 0])))
